0 0
5 7
10 16
15 27
20 39
25 49
30 60
35 74
40 89
45 97
50 113
55 127
60 143
65 159
70 169
75 186
80 199
85 217
90 240
95 249
100 263
105 278
110 298
115 314
120 327
125 340
130 356
135 385
140 399
145 404
150 408
155 419
160 447
165 458
170 501
175 498
180 530
185 531
190 550
195 583
200 583
205 602
210 623
215 661
220 662
225 710
230 697
235 713
240 705
245 724
250 759
255 794
260 823
265 796
270 868
275 867
280 858
285 895
290 895
295 948
300 938
305 977
310 971
315 985
320 962
325 1054
330 1059
335 1061
340 1085
345 1089
350 1123
355 1129
360 1168
365 1229
370 1250
375 1227
380 1256
385 1254
390 1291
395 1307
400 1315
405 1359
410 1316
415 1385
420 1381
425 1398
430 1371
435 1427
440 1474
445 1508
450 1560
455 1537
460 1534
465 1556
470 1509
475 1603
480 1618
485 1685
490 1683
495 1660
500 1714
505 1762
510 1733
515 1783
520 1853
525 1703
530 1750
535 1870
540 1806
545 1897
550 1889
555 1938
560 1984
565 1917
570 1973
575 1974
580 2037
585 2018
590 2145
595 2040
600 2137
605 2124
610 2081
615 2191
620 2145
625 2232
630 2148
635 2209
640 2192
645 2236
650 2285
655 2232
660 2325
665 2375
670 2306
675 2405
680 2395
685 2378
690 2452
695 2448
700 2585
705 2545
710 2522
715 2570
720 2508
725 2583
730 2578
735 2734
740 2537
745 2666
750 2729
755 2798
760 2804
765 2796
770 2858
775 2822
780 2770
785 2865
790 2805
795 2786
800 2931
805 2883
810 3007
815 2980
820 3066
825 3017
830 3000
835 3004
840 3119
845 3041
850 3063
855 3269
860 3116
865 3269
870 3157
875 3185
880 3256
885 3304
890 3167
895 3285
900 3314
905 3307
910 3374
915 3378
920 3432
925 3544
930 3432
935 3436
940 3426
945 3555
950 3588
955 3532
960 3636
965 3546
970 3580
975 3637
980 3706
985 3738
990 3644
995 3816
1000 3716
1005 3747
1010 3790
1015 3787
1020 3787
1025 3841
1030 3967
1035 3860
1040 3858
1045 4038
1050 3947
1055 4065
1060 4097
1065 4016
1070 4086
1075 4057
1080 4124
1085 4021
1090 4164
1095 4202
1100 4131
1105 4187
1110 4124
1115 4240
1120 4309
1125 4190
1130 4248
1135 4397
1140 4378
1145 4407
1150 4402
1155 4316
1160 4370
1165 4366
1170 4477
1175 4506
1180 4425
1185 4418
1190 4560
1195 4585
1200 4567
1205 4579
1210 4603
1215 4737
1220 4658
1225 4709
1230 4678
1235 4752
1240 4753
1245 4857
1250 5088
1255 4757
1260 4636
1265 4840
1270 4819
1275 4799
1280 4910
1285 4999
1290 4953
1295 4954
1300 5026
1305 4990
1310 4984
1315 5023
1320 5103
1325 5172
1330 5219
1335 5099
1340 5338
1345 5301
1350 5281
1355 5280
1360 5310
1365 5313
1370 5169
1375 5370
1380 5466
1385 5132
1390 5349
1395 5455
1400 5580
1405 5569
1410 5467
1415 5614
1420 5561
1425 5471
1430 5636
1435 5574
1440 5597
1445 5674
1450 5808
1455 5690
1460 5676
1465 5862
1470 5722
1475 5880
1480 5709
1485 5910
1490 5991
1495 6027
1500 6039
1505 5851
1510 6025
1515 5894
1520 5820
1525 6140
1530 6161
1535 5966
1540 5861
1545 6073
1550 6159
1555 6074
1560 6200
1565 6293
1570 6240
1575 6180
1580 6361
1585 6371
1590 6435
1595 6314
1600 6463
1605 6359
1610 6391
1615 6262
1620 6461
1625 6505
1630 6580
1635 6458
1640 6558
1645 6507
1650 6625
1655 6575
1660 6461
1665 6687
1670 6692
1675 6714
1680 6707
1685 6500
1690 6639
1695 6749
1700 6566
1705 6927
1710 6863
1715 6963
1720 6983
1725 6896
1730 6970
1735 6997
1740 7122
1745 6941
1750 7176
1755 7046
1760 7158
1765 7076
1770 7022
1775 7073
1780 7287
1785 7154
1790 7220
1795 7337
1800 7191
1805 7227
1810 7542
1815 7550
1820 7538
1825 7599
1830 7155
1835 7402
1840 7467
1845 7648
1850 7490
1855 7411
1860 7433
1865 7483
1870 7739
1875 7812
1880 7676
1885 7591
1890 7690
1895 7899
1900 7807
1905 7609
1910 7931
1915 7835
1920 7991
1925 8189
1930 7940
1935 7760
1940 7994
1945 7902
1950 7974
1955 7914
1960 7971
1965 8084
1970 8103
1975 7965
1980 8122
1985 8203
1990 8158
1995 8195
2000 8065
2005 8341
2010 8062
2015 8137
2020 8116
2025 8264
2030 7998
2035 8364
2040 8605
2045 8266
2050 8671
2055 8354
2060 8480
2065 8538
2070 8488
2075 8420
2080 8605
2085 8690
2090 8584
2095 8742
2100 8562
2105 8718
2110 8600
2115 8720
2120 8550
2125 8990
2130 8747
2135 8945
2140 8685
2145 8796
2150 8991
2155 8908
2160 8894
2165 8736
2170 8859
2175 9102
2180 8886
2185 9250
2190 9052
2195 9219
2200 9136
2205 8990
2210 9125
2215 9252
2220 9221
2225 9395
2230 9371
2235 9314
2240 9144
2245 9150
2250 9247
2255 9153
2260 9443
2265 9436
2270 9351
2275 9569
2280 9446
2285 9406
2290 9708
2295 9534
2300 9443
2305 9987
2310 9609
2315 9746
2320 9519
2325 9856
2330 9665
2335 9532
2340 9782
2345 9941
2350 9627
2355 10019
2360 9921
2365 9801
2370 9960
2375 9713
2380 9694
2385 10156
2390 9996
2395 10246
2400 10228
2405 10241
2410 10189
2415 10269
2420 10211
2425 10052
2430 10350
2435 10292
2440 10347
2445 10468
2450 10339
2455 10407
2460 10362
2465 10500
2470 10255
2475 10170
2480 10237
2485 10485
2490 10417
2495 10371
2500 10480
2505 10363
2510 10621
2515 10573
2520 10528
2525 10914
2530 10730
2535 10550
2540 10933
2545 11128
2550 10702
2555 10926
2560 10940
2565 10793
2570 11036
2575 10987
2580 11094
2585 10847
2590 11005
2595 10914
2600 11118
2605 11110
2610 10891
2615 10981
2620 11071
2625 11199
2630 11169
2635 11098
2640 11147
2645 11380
2650 11018
2655 10977
2660 11076
2665 11150
2670 11482
2675 11427
2680 11024
2685 11294
2690 11304
2695 11007
2700 11722
2705 11415
2710 11483
2715 11497
2720 11551
2725 11561
2730 11886
2735 11625
2740 11879
2745 12240
2750 11579
2755 11861
2760 11183
2765 11905
2770 11791
2775 11480
2780 11728
2785 11861
2790 12050
2795 11867
2800 11995
2805 11981
2810 11921
2815 11831
2820 11825
2825 12293
2830 11935
2835 12183
2840 11899
2845 12234
2850 12324
2855 12345
2860 12170
2865 12354
2870 12219
2875 12386
2880 12300
2885 12607
2890 12061
2895 12175
2900 12370
2905 12595
2910 12527
2915 12812
2920 12522
2925 12633
2930 12220
2935 12816
2940 12168
2945 12786
2950 12534
2955 13125
2960 12673
2965 12738
2970 12326
2975 13101
2980 12945
2985 12593
2990 12589
2995 12767
3000 12984
3005 13078
3010 13175
3015 12593
3020 12947
3025 13167
3030 12980
3035 12628
3040 13298
3045 13170
3050 13035
3055 13018
3060 13172
3065 13374
3070 13449
3075 13113
3080 13638
3085 13124
3090 13443
3095 13316
3100 13575
3105 13439
3110 13148
3115 13193
3120 13618
3125 13313
3130 13452
3135 13782
3140 13492
3145 13287
3150 13531
3155 13684
3160 13569
3165 13757
3170 14070
3175 13703
3180 13768
3185 13793
3190 13723
3195 14025
3200 14124
3205 14017
3210 13887
3215 13969
3220 14107
3225 14080
3230 14359
3235 14175
3240 13889
3245 13648
3250 13670
3255 14089
3260 13910
3265 14575
3270 14281
3275 14315
3280 14253
3285 14364
3290 14603
3295 14422
3300 14069
3305 14460
3310 14300
3315 14793
3320 14777
3325 14287
3330 14212
3335 14513
3340 14485
3345 14895
3350 14119
3355 14735
3360 14825
3365 14417
3370 14491
3375 14268
3380 14718
3385 14855
3390 14770
3395 14791
3400 14541
3405 14788
3410 14453
3415 14619
3420 15247
3425 14779
3430 15161
3435 15005
3440 15040
3445 15423
3450 14824
3455 14922
3460 15262
3465 15064
3470 14952
3475 15104
3480 14898
3485 14794
3490 15180
3495 15536
3500 15198
3505 15399
3510 15086
3515 15138
3520 14878
3525 15293
3530 15758
3535 15194
3540 15661
3545 15515
3550 15463
3555 15395
3560 15744
3565 15718
3570 15667
3575 15639
3580 15215
3585 15748
3590 15969
3595 15794
3600 15567
3605 15902
3610 15939
3615 15529
3620 16116
3625 16134
3630 16441
3635 15653
3640 16085
3645 16506
3650 15873
3655 15822
3660 15887
3665 16037
3670 16317
3675 15872
3680 15734
3685 16201
3690 16156
3695 16437
3700 16426
3705 16029
3710 16624
3715 16385
3720 16331
3725 16156
3730 16232
3735 16693
3740 16513
3745 16711
3750 16360
3755 16476
3760 16985
3765 16535
3770 16629
3775 16453
3780 16818
3785 16707
3790 16831
3795 16593
3800 16889
3805 17098
3810 16967
3815 16775
3820 16974
3825 17131
3830 16850
3835 16451
3840 16901
3845 16687
3850 16945
3855 17105
3860 16875
3865 16958
3870 17036
3875 17128
3880 17289
3885 17578
3890 16878
3895 17357
3900 16807
3905 17574
3910 17488
3915 17389
3920 17069
3925 17007
3930 17591
3935 17232
3940 17310
3945 17766
3950 17837
3955 17843
3960 18061
3965 17630
3970 17174
3975 17269
3980 17681
3985 17326
3990 17520
3995 17676
4000 17847
4005 17744
4010 17627
4015 18275
4020 18045
4025 17659
4030 17960
4035 17456
4040 18035
4045 17740
4050 18083
4055 17844
4060 17881
4065 17583
4070 18203
4075 18238
4080 18052
4085 18078
4090 18102
4095 18149
4100 18292
4105 18227
4110 18000
4115 18517
4120 18212
4125 18317
4130 18304
4135 19230
4140 18708
4145 18390
4150 18523
4155 18476
4160 18443
4165 18437
4170 17848
4175 18607
4180 18969
4185 18897
4190 18581
4195 18366
4200 18991
4205 18528
4210 18453
4215 18053
4220 19084
4225 19385
4230 18461
4235 18799
4240 18810
4245 18311
4250 19096
4255 19224
4260 19254
4265 18904
4270 19022
4275 19054
4280 19813
4285 19838
4290 19215
4295 19342
4300 18859
4305 19260
4310 19690
4315 19440
4320 19387
4325 19236
4330 19396
4335 19271
4340 19359
4345 18872
4350 19338
4355 19444
4360 19425
4365 19442
4370 19524
4375 20398
4380 19144
4385 19085
4390 20240
4395 19533
4400 19768
4405 19714
4410 19430
4415 20016
4420 19709
4425 20121
4430 19495
4435 20336
4440 19649
4445 20136
4450 19976
4455 19890
4460 20186
4465 20096
4470 19902
4475 19676
4480 20408
4485 20265
4490 20321
4495 19995
4500 20435
4505 20436
4510 20091
4515 20038
4520 20808
4525 20429
4530 20203
4535 20368
4540 20797
4545 20456
4550 20903
4555 20643
4560 20720
4565 20553
4570 20993
4575 20158
4580 20623
4585 20478
4590 19694
4595 21118
4600 20479
4605 20809
4610 21247
4615 20592
4620 20942
4625 21077
4630 20579
4635 21043
4640 21153
4645 20629
4650 21171
4655 20746
4660 21112
4665 20367
4670 21291
4675 21503
4680 21129
4685 21390
4690 21041
4695 21281
4700 21329
4705 20987
4710 21398
4715 21662
4720 21201
4725 21212
4730 21722
4735 21273
4740 21368
4745 21661
4750 21640
4755 21686
4760 21527
4765 21799
4770 21979
4775 21791
4780 21298
4785 21593
4790 21585
4795 21380
4800 21650
4805 21849
4810 22016
4815 21698
4820 21885
4825 21416
4830 21665
4835 21850
4840 22105
4845 22023
4850 22223
4855 22266
4860 22565
4865 22299
4870 21906
4875 22569
4880 22144
4885 22198
4890 22423
4895 22029
4900 21689
4905 21783
4910 21750
4915 22092
4920 22280
4925 22416
4930 21823
4935 22567
4940 22477
4945 22374
4950 22866
4955 23134
4960 21815
4965 22323
4970 23476
4975 22513
4980 22831
4985 23216
4990 22451
4995 22924
5000 22591
5005 22226
5010 22724
5015 22453
5020 23174
5025 22908
5030 22710
5035 22661
5040 23061
5045 23132
5050 22914
5055 23485
5060 22802
5065 22989
5070 23269
5075 22834
5080 22962
5085 23056
5090 23119
5095 22909
5100 23271
5105 23106
5110 23305
5115 24031
5120 23236
5125 23644
5130 23593
5135 24153
5140 23247
5145 23347
5150 23801
5155 23256
5160 23644
5165 23712
5170 23761
5175 23957
5180 23560
5185 23250
5190 23851
5195 23520
5200 23960
5205 23965
5210 24166
5215 23264
5220 24004
5225 23799
5230 23757
5235 24127
5240 24012
5245 23953
5250 23993
5255 24547
5260 24316
5265 24107
5270 23937
5275 24006
5280 24547
5285 24267
5290 23950
5295 24184
5300 24436
5305 24666
5310 24638
5315 24223
5320 24345
5325 24063
5330 24266
5335 24181
5340 24209
5345 24945
5350 24281
5355 24382
5360 23918
5365 24315
5370 24428
5375 24475
5380 25141
5385 25155
5390 24144
5395 24845
5400 25025
5405 24747
5410 24812
5415 24552
5420 25041
5425 25650
5430 24797
5435 24536
5440 25191
5445 24726
5450 25159
5455 24165
5460 24442
5465 25398
5470 24787
5475 25416
5480 24964
5485 26241
5490 25496
5495 24624
5500 24693
5505 25825
5510 25124
5515 25087
5520 25348
5525 25647
5530 25362
5535 25661
5540 25364
5545 25889
5550 25489
5555 25855
5560 26070
5565 25730
5570 25466
5575 25767
5580 25155
5585 25490
5590 25282
5595 25434
5600 25862
5605 26061
5610 26307
5615 26265
5620 25491
5625 25401
5630 25932
5635 25206
5640 25980
5645 26173
5650 25346
5655 26149
5660 25709
5665 26679
5670 26719
5675 26508
5680 25210
5685 26238
5690 25358
5695 26397
5700 26023
5705 26107
5710 26302
5715 25619
5720 27364
5725 26018
5730 26629
5735 26021
5740 26143
5745 26552
5750 26652
5755 26603
5760 26611
5765 26586
5770 26306
5775 26544
5780 26787
5785 26726
5790 26600
5795 26907
5800 26549
5805 27161
5810 26638
5815 26473
5820 26751
5825 26874
5830 26718
5835 26656
5840 26899
5845 26924
5850 27106
5855 26855
5860 27166
5865 26525
5870 26613
5875 27003
5880 27343
5885 26825
5890 27439
5895 26928
5900 26724
5905 27094
5910 26831
5915 26967
5920 27690
5925 26795
5930 27132
5935 27733
5940 26941
5945 26988
5950 27945
5955 27335
5960 27779
5965 27022
5970 27552
5975 28074
5980 28180
5985 27996
5990 28471
5995 27351
6000 27638
6005 27535
6010 28905
6015 27671
6020 28191
6025 28952
6030 27583
6035 28020
6040 28145
6045 28210
6050 27616
6055 27976
6060 28030
6065 27801
6070 27891
6075 28231
6080 28692
6085 28087
6090 28283
6095 28523
6100 28207
6105 29003
6110 28885
6115 27692
6120 28902
6125 29119
6130 28370
6135 27921
6140 29221
6145 28354
6150 28031
6155 28665
6160 28640
6165 29486
6170 29224
6175 28508
6180 28213
6185 29533
6190 28694
6195 29850
6200 28755
6205 28619
6210 28254
6215 28725
6220 29223
6225 28857
6230 29008
6235 28867
6240 28853
6245 28715
6250 28999
6255 29299
6260 29119
6265 29095
6270 29449
6275 29353
6280 29202
6285 28747
6290 29703
6295 29114
6300 29747
6305 29373
6310 29132
6315 29995
6320 29336
6325 29578
6330 29843
6335 29572
6340 30254
6345 29377
6350 30032
6355 29848
6360 29310
6365 30324
6370 30022
6375 29398
6380 29808
6385 29811
6390 29650
6395 29721
6400 29597
6405 30133
6410 30391
6415 30051
6420 30677
6425 29899
6430 30294
6435 30246
6440 30641
6445 30530
6450 29563
6455 29868
6460 30642
6465 30855
6470 29776
6475 30554
6480 30203
6485 30120
6490 30003
6495 30182
6500 30998
6505 30491
6510 30612
6515 30413
6520 30961
6525 30743
6530 31174
6535 30074
6540 30482
6545 31575
6550 30486
6555 31183
6560 30920
6565 31123
6570 31995
6575 31121
6580 30002
6585 31655
6590 31057
6595 31213
6600 30275
6605 30501
6610 31734
6615 30865
6620 30693
6625 30944
6630 31664
6635 30287
6640 30601
6645 30698
6650 31759
6655 31941
6660 31466
6665 30317
6670 31034
6675 31096
6680 30959
6685 30634
6690 31079
6695 31741
6700 31034
6705 31108
6710 32365
6715 31114
6720 31324
6725 31567
6730 31269
6735 31359
6740 31387
6745 31720
6750 31321
6755 31014
6760 31625
6765 31882
6770 31703
6775 31315
6780 31987
6785 32230
6790 31017
6795 32460
6800 32609
6805 32319
6810 32493
6815 31910
6820 32071
6825 31597
6830 32092
6835 31571
6840 31914
6845 32115
6850 32112
6855 32285
6860 32168
6865 31820
6870 32305
6875 31879
6880 32731
6885 32382
6890 32653
6895 32469
6900 33145
6905 32552
6910 32933
6915 33015
6920 32633
6925 33019
6930 31932
6935 32933
6940 32389
6945 32713
6950 31787
6955 32255
6960 32420
6965 32772
6970 33285
6975 32240
6980 33301
6985 32513
6990 33775
6995 32654
7000 32996
7005 33465
7010 33306
7015 33819
7020 32967
7025 34058
7030 33199
7035 32561
7040 33010
7045 32843
7050 33410
7055 33357
7060 33393
7065 33884
7070 33211
7075 32796
7080 33469
7085 33292
7090 33434
7095 34314
7100 33455
7105 33502
7110 33255
7115 33068
7120 33748
7125 33937
7130 34018
7135 33093
7140 33859
7145 33870
7150 34415
7155 33456
7160 33498
7165 34216
7170 33555
7175 34144
7180 34456
7185 33613
7190 33881
7195 34303
7200 33472
7205 34447
7210 34003
7215 34044
7220 34514
7225 33954
7230 34371
7235 34211
7240 33600
7245 34971
7250 34062
7255 34663
7260 34813
7265 34927
7270 33836
7275 34652
7280 34326
7285 35098
7290 34363
7295 34382
7300 35385
7305 34939
7310 34406
7315 35053
7320 34640
7325 34941
7330 34514
7335 34766
7340 34731
7345 34730
7350 33987
7355 35584
7360 34309
7365 34621
7370 34835
7375 35009
7380 34478
7385 35278
7390 34239
7395 35105
7400 35861
7405 35459
7410 34606
7415 35325
7420 35180
7425 35552
7430 35733
7435 34936
7440 35314
7445 36262
7450 35687
7455 35477
7460 35801
7465 34762
7470 34410
7475 35854
7480 35478
7485 35380
7490 35516
7495 35713
7500 35658
7505 34676
7510 35571
7515 35545
7520 34785
7525 35253
7530 36054
7535 36618
7540 34876
7545 35961
7550 35831
7555 36147
7560 35778
7565 36232
7570 36330
7575 35972
7580 36723
7585 36092
7590 36080
7595 36603
7600 35490
7605 36608
7610 35862
7615 36769
7620 36555
7625 36066
7630 36878
7635 35984
7640 36162
7645 36493
7650 35725
7655 35856
7660 36397
7665 37083
7670 37073
7675 36105
7680 37511
7685 36273
7690 37520
7695 37167
7700 36895
7705 36520
7710 37735
7715 36316
7720 37844
7725 36834
7730 36639
7735 36456
7740 37749
7745 36810
7750 36422
7755 37023
7760 37587
7765 37266
7770 36241
7775 37867
7780 37276
7785 36821
7790 37744
7795 37766
7800 36858
7805 36702
7810 37728
7815 37070
7820 37213
7825 37393
7830 38131
7835 37189
7840 37683
7845 37043
7850 36905
7855 37084
7860 37889
7865 36283
7870 36844
7875 38872
7880 38402
7885 37464
7890 37741
7895 37984
7900 37685
7905 37278
7910 38191
7915 37297
7920 38327
7925 38084
7930 37748
7935 37970
7940 37096
7945 38004
7950 37975
7955 38804
7960 38067
7965 38603
7970 38071
7975 39012
7980 38019
7985 37716
7990 39080
7995 38225
8000 38477
8005 38133
8010 37908
8015 39072
8020 37339
8025 38475
8030 37940
8035 38128
8040 38245
8045 38625
8050 38634
8055 38655
8060 37585
8065 39139
8070 38445
8075 38746
8080 38331
8085 38416
8090 38332
8095 38404
8100 38790
8105 39179
8110 38764
8115 38449
8120 39034
8125 38707
8130 40266
8135 39512
8140 39482
8145 39257
8150 38611
8155 39040
8160 39335
8165 38876
8170 38711
8175 38341
8180 39262
8185 39934
8190 39050
8195 39128
8200 39499
8205 38243
8210 39046
8215 38749
8220 39654
8225 39441
8230 40578
8235 39919
8240 39196
8245 39616
8250 39682
8255 40310
8260 40049
8265 39589
8270 40354
8275 39875
8280 39777
8285 39703
8290 39796
8295 39109
8300 40080
8305 39231
8310 39647
8315 40033
8320 40073
8325 40045
8330 40195
8335 40337
8340 40457
8345 40979
8350 40479
8355 39267
8360 40676
8365 40491
8370 38816
8375 39617
8380 40474
8385 39924
8390 40910
8395 40551
8400 41003
8405 40092
8410 39860
8415 40435
8420 40624
8425 39788
8430 39548
8435 40990
8440 40566
8445 40050
8450 40851
8455 40101
8460 39796
8465 40602
8470 40732
8475 40606
8480 40811
8485 40385
8490 39854
8495 41136
8500 40040
8505 40394
8510 40958
8515 41492
8520 41671
8525 40772
8530 41699
8535 41553
8540 41412
8545 41772
8550 40618
8555 41821
8560 42702
8565 42183
8570 41831
8575 40641
8580 41301
8585 40735
8590 40947
8595 41259
8600 41410
8605 40531
8610 40867
8615 41085
8620 40923
8625 41779
8630 42089
8635 41647
8640 40680
8645 41992
8650 41616
8655 41805
8660 40742
8665 41737
8670 41733
8675 41661
8680 41379
8685 42633
8690 41943
8695 41070
8700 41360
8705 41664
8710 42051
8715 42524
8720 42948
8725 41423
8730 42417
8735 44499
8740 41859
8745 42144
8750 42739
8755 41930
8760 42138
8765 41847
8770 42266
8775 42732
8780 42724
8785 42814
8790 43025
8795 41852
8800 42770
8805 41851
8810 43191
8815 42802
8820 42737
8825 43200
8830 42943
8835 43353
8840 42146
8845 43495
8850 42978
8855 42578
8860 43824
8865 42526
8870 42866
8875 42880
8880 42679
8885 43361
8890 42650
8895 42527
8900 43565
8905 42814
8910 43742
8915 43801
8920 43271
8925 43194
8930 43363
8935 44021
8940 43109
8945 43462
8950 42951
8955 43737
8960 42950
8965 43465
8970 43396
8975 44177
8980 43049
8985 43597
8990 43672
8995 43793
9000 44081
9005 43639
9010 43598
9015 44093
9020 44088
9025 43150
9030 45307
9035 43310
9040 44013
9045 43432
9050 43626
9055 43737
9060 44021
9065 43167
9070 43805
9075 43867
9080 44655
9085 43884
9090 44009
9095 43353
9100 43631
9105 44544
9110 44383
9115 44032
9120 43870
9125 44223
9130 44772
9135 43636
9140 43165
9145 44831
9150 43252
9155 45877
9160 43584
9165 44489
9170 43779
9175 44426
9180 45364
9185 45139
9190 44416
9195 44503
9200 44777
9205 44506
9210 43820
9215 44156
9220 45578
9225 44746
9230 44072
9235 44073
9240 44707
9245 45380
9250 44991
9255 44062
9260 44525
9265 45033
9270 45561
9275 43881
9280 45307
9285 45465
9290 44345
9295 45632
9300 44380
9305 45235
9310 45044
9315 45151
9320 44323
9325 45625
9330 44235
9335 45597
9340 45848
9345 45969
9350 45519
9355 45859
9360 46585
9365 45665
9370 45441
9375 46482
9380 46013
9385 45362
9390 45889
9395 47309
9400 45119
9405 45795
9410 45129
9415 44543
9420 45501
9425 46432
9430 45248
9435 46134
9440 45626
9445 45561
9450 44474
9455 46412
9460 46420
9465 45849
9470 45270
9475 45884
9480 45480
9485 47153
9490 45339
9495 45929
9500 46735
9505 45782
9510 45924
9515 46592
9520 47197
9525 46681
9530 46691
9535 46860
9540 48010
9545 46621
9550 47061
9555 46969
9560 46631
9565 46539
9570 45829
9575 45488
9580 46768
9585 46970
9590 46740
9595 46784
9600 46402
9605 45483
9610 47526
9615 46290
9620 46552
9625 46784
9630 46712
9635 47122
9640 47549
9645 47396
9650 46206
9655 46917
9660 48190
9665 47173
9670 47182
9675 47335
9680 46789
9685 46155
9690 46840
9695 47932
9700 47636
9705 47677
9710 46891
9715 47684
9720 48044
9725 48200
9730 46968
9735 47416
9740 48656
9745 47741
9750 48278
9755 48462
9760 47681
9765 47722
9770 48019
9775 46781
9780 47884
9785 48875
9790 47127
9795 49078
9800 48438
9805 48044
9810 48618
9815 47682
9820 47893
9825 48316
9830 47775
9835 47919
9840 48830
9845 48518
9850 47522
9855 47452
9860 47720
9865 48181
9870 48951
9875 49190
9880 48977
9885 48362
9890 48434
9895 47691
9900 49003
9905 49430
9910 48770
9915 49365
9920 49100
9925 48381
9930 48221
9935 48653
9940 49477
9945 48092
9950 49030
9955 47835
9960 48341
9965 48634
9970 48378
9975 49683
9980 48420
9985 49148
9990 49015
9995 49163
