0 0
1 2
2 5
3 9
4 13
5 18
6 23
7 29
8 34
9 40
10 46
11 53
12 59
13 66
14 73
15 81
16 87
17 94
18 101
19 109
20 116
21 124
22 132
23 141
24 148
25 156
26 164
27 173
28 181
29 190
30 199
31 209
32 216
33 224
34 232
35 241
36 249
37 258
38 267
39 277
40 285
41 294
42 303
43 313
44 322
45 332
46 342
47 353
48 361
49 370
50 379
51 389
52 398
53 408
54 418
55 429
56 438
57 448
58 458
59 469
60 479
61 490
62 501
63 513
64 521
65 530
66 539
67 549
68 558
69 568
70 578
71 589
72 598
73 608
74 618
75 629
76 639
77 650
78 661
79 673
80 682
81 692
82 702
83 713
84 723
85 734
86 745
87 757
88 767
89 778
90 789
91 801
92 812
93 824
94 836
95 849
96 858
97 868
98 878
99 889
100 899
